-0.238562725039215  -0.421122103696616  0
-0.235974277511843  -0.422577969554452  0
-0.233376945686295  -0.424017925590577  0
-0.231724425810774  -0.427199942044316  0
-0.229570210834261  -0.429495655737649  0
-0.227862506430535  -0.432665781132729  0
-0.225663968369538  -0.434943413997398  0
-0.223446041279035  -0.437210323113176  0
-0.221208774190066  -0.439466356188193  0
-0.219840461562362  -0.443503293629312  0
-0.217115038076571  -0.444843860518507  0
-0.21438144033231  -0.446167679287781  0
-0.21163977124799  -0.447474700096105  0
-0.209312134316701  -0.449671469439398  0
-0.208631209608916  -0.455493159528352  0
-0.209119174068473  -0.464058370290764  0
-0.21032024196859  -0.474474863210132  0
-0.233780156909703  -0.53625725005381  0
-0.239547160357117  -0.558821221827555  0
-0.804262591713269  -1.90845557547737  0
-0.792537388428101  -1.91335451183088  0
-0.780782346558202  -1.91818141146844  0
-0.766398688316593  -1.91643655009672  0
-0.519170456882779  -1.32168908473216  0
-0.508171791587403  -1.31738583195465  0
-0.500078897893732  -1.32047911603379  0
-0.493360851233199  -1.32727204086821  0
-0.48794886145228  -1.33778993440952  0
-0.481415600497482  -1.34546646914654  0
-0.477455292905742  -1.36066176666955  0
-0.469097441297983  -1.36356576319871  0
-0.461360932498327  -1.36831359342962  0
-0.454211160097595  -1.37491680549872  0
-0.449152624820599  -1.38814369559378  0
-0.44213670980335  -1.39564004307854  0
-0.436526409271102  -1.40787808208271  0
-0.430782461045622  -1.4200994582266  0
-0.424051637982006  -1.42942688106974  0
-0.417222494698809  -1.43872491808452  0
-0.411113004018523  -1.45087907763771  0
-0.402202838272147  -1.45337430721952  0
-0.393277529816235  -1.45581481808012  0
-0.356302192127111  -1.3518331065207  0
-0.340781892265891  -1.32590674706168  0
-0.332153905927762  -1.32603272311694  0
-0.323300198576317  -1.32513130730525  0
-0.315625375911397  -1.3290359747128  0
-0.307239539006117  -1.32997325750231  0
-0.29885409157397  -1.33085770537255  0
-0.290256255725716  -1.33071233029986  0
-0.280843026116648  -1.32659835469582  0
-0.27209457094135  -1.3253578929724  0
-0.262396483111692  -1.31915620214234  0
-0.25316294129659  -1.31484962073769  0
-0.244175210532158  -1.31146272023324  0
-0.235061604707334  -1.30703100268984  0
-0.225498731274837  -1.29958121031101  0
-0.216201100962351  -1.29304991548767  0
-0.20651558633402  -1.28349184360522  0
-0.198636340835976  -1.28473483804997  0
-0.189429042521872  -1.27702687436453  0
-0.18215241993604  -1.28212538228967  0
-0.174416598225235  -1.2842098155144  0
-0.166405053477962  -1.28426413100148  0
-0.157542538981391  -1.27732116102854  0
-0.149353122090886  -1.27528414281748  0
-0.140753758714289  -1.26921920069301  0
-0.13275508318687  -1.26806982768618  0
-0.124579785358872  -1.26487978760036  0
-0.116448647881867  -1.26163731413053  0
-0.108533600115716  -1.26033545441121  0
-0.100718601595888  -1.25998085830403  0
-0.0926913501355808  -1.25658597541515  0
-0.0845746751328346  -1.25114472557182  0
-0.0766509203777607  -1.24764764112519  0
-0.0689388601927627  -1.24709600013605  0
-0.0611873898862903  -1.24549793388785  0
-0.0533722533701315  -1.24185361559654  0
-0.0456777636702264  -1.24015907927414  0
-0.0379447315294993  -1.23641788944885  0
-0.0302838759972736  -1.23362834227112  0
-0.0225666508645166  -1.22579229328168  0
-0.0149958197851496  -1.22190798564743  0
-0.00747964338731921  -1.21897705266949  0
7.47622179008561E-17  -1.221  0
0.00752259457986344  -1.22597692089647  0
0.0173028689828651  -1.40989382959319  0
0.0287144986530555  -1.55973570760148  0
0.0470946175354686  -1.91842203307802  0
0.0589569717054955  -1.9210955404371  0
0.070743482493292  -1.92069762317881  0
0.0825273298289565  -1.92022739274058  0
0.0943080700572976  -1.91968486682634  0
0.105974869151405  -1.91707311470073  0
0.117858455172845  -1.91838301299409  0
0.129627213401362  -1.91762373409014  0
0.14168534949296  -1.92078141956316  0
0.15322932821906  -1.91688543553691  0
0.164902434326013  -1.9149128406153  0
0.144297061700498  -1.56335484071423  0
0.152514670352797  -1.54850743470194  0
0.161076167600069  -1.53859139092589  0
0.17029331026905  -1.53558626865364  0
0.178549098449774  -1.52458034207541  0
0.18741074373  -1.51948616747063  0
0.196216615182122  -1.51434079385272  0
0.204697257639339  -1.50716290848565  0
0.213519207307265  -1.50290836317817  0
0.221416285953141  -1.49266735353685  0
0.230570952554991  -1.4912806697057  0
0.238922647574128  -1.48490133290942  0
0.248029333216915  -1.48340737825588  0
0.255929947474171  -1.47496063065625  0
0.264267301075338  -1.46942566793369  0
0.272912472941115  -1.46581028175994  0
0.281334172254912  -1.46116223723502  0
0.290294399159999  -1.45940849724001  0
0.297634859566296  -1.44976325321445  0
0.306524836764483  -1.44790970866505  0
0.314763942516067  -1.4430705667055  0
0.32339343047154  -1.44013634393687  0
0.331548601432975  -1.43520191084315  0
0.340348593497429  -1.43314054959879  0
0.348187677205726  -1.4271392158588  0
0.356937884277895  -1.42497591094279  0
0.364927870023226  -1.4198533902063  0
0.374142788299427  -1.41952145949384  0
0.381541794510048  -1.41237206820372  0
0.389934051428302  -1.40904060819293  0
0.398572421667825  -1.40662149304134  0
0.404967628365867  -1.39646597523023  0
0.408978038509809  -1.37861559690026  0
0.408720825574283  -1.34737199271095  0
0.414611243541074  -1.33719763562808  0
0.42280832904692  -1.33462845649587  0
0.431913044978274  -1.33486333441952  0
0.442291253962437  -1.33883473463618  0
0.455929397974454  -1.35220463838232  0
0.467796200129334  -1.35978333389719  0
0.494672820805255  -1.40972862649397  0
0.640764501152003  -1.79081681197811  0
0.655852612935157  -1.79812495397459  0
0.667221772677667  -1.79500420781258  0
0.677868987654819  -1.78994123802315  0
0.690278680074108  -1.78948018816503  0
0.701245729789557  -1.78521103134949  0
0.711815060805673  -1.77994615626715  0
0.722346197974658  -1.774618823937  0
0.732073406114417  -1.76738154569409  0
0.731642067980589  -1.73613245012041  0
0.742281003475015  -1.73161049658407  0
0.752891992509199  -1.72702334889124  0
0.77887380551759  -1.75711115046219  0
0.789640574773291  -1.75229899351444  0
0.800377614507659  -1.74742086349998  0
0.794626509916023  -1.70711971160159  0
0.791832033032883  -1.67418817086462  0
0.792561688501268  -1.64946839009422  0
0.788631996892273  -1.61581668931773  0
0.785652073745089  -1.58496429581869  0
0.78277332492867  -1.55510350838139  0
0.779558184747427  -1.52533866291827  0
0.778770960230384  -1.50099859810123  0
0.775384888957896  -1.47230237178908  0
0.77497623534194  -1.4498785585887  0
0.779566741153532  -1.43718499021082  0
0.785477364716891  -1.42711818344432  0
0.793244110561505  -1.42052552988656  0
0.806874340680157  -1.42433240444496  0
0.815598690834444  -1.41935470390919  0
0.825802949310177  -1.4169154840394  0
0.835499094055782  -1.41354351324321  0
0.843642603221077  -1.40753264901045  0
0.852263179861732  -1.40232965890762  0
0.858228720861975  -1.39281709592021  0
0.857752068367111  -1.37310683823654  0
0.86616114659721  -1.36781792213928  0
0.827002524749466  -1.28842067045589  0
0.834892557274153  -1.28332202420446  0
0.820182379675541  -1.24394568372971  0
0.827799647199207  -1.23888972233079  0
0.830900455924452  -1.22716275707199  0
0.838414543581315  -1.22204134672741  0
0.831056766011424  -1.19552526182705  0
0.831467028407369  -1.18059247019089  0
0.838695355490284  -1.17546846009539  0
0.845892106167098  -1.17030019427675  0
0.835334218428448  -1.14088244071093  0
0  0  0
0  0  0
0  0  0
0  0  0
0  0  0
0  0  0
0  0  0
0  0  0
0  0  0
0  0  0
0  0  0
0  0  0
0  0  0
0  0  0
0  0  0
0  0  0
0  0  0
0  0  0
0  0  0
0  0  0
0  0  0
0  0  0
0  0  0
0  0  0
0  0  0
0  0  0
0  0  0
0  0  0
0  0  0
0  0  0
0  0  0
0  0  0
0  0  0
0  0  0
0  0  0
0  0  0
0  0  0
0  0  0
0  0  0
0  0  0
0  0  0
0  0  0
0  0  0
0  0  0
0  0  0
0  0  0
0  0  0
0  0  0
0  0  0
0  0  0
0  0  0
0  0  0
0  0  0
0  0  0
0  0  0
0  0  0
0  0  0
0  0  0
0  0  0
0  0  0
0  0  0
0  0  0
0  0  0
0  0  0
0  0  0
0  0  0
0  0  0
0  0  0
0  0  0
0  0  0
0  0  0
0  0  0
0  0  0
0  0  0
0  0  0
0  0  0
0  0  0
0  0  0
0  0  0
0  0  0
0  0  0
0  0  0
0.369122201134752  -0.169070401399641  0
0.370152648994205  -0.166802327449509  0
0.371169160815634  -0.164527973486026  0
0.383171847046996  -0.16704291553548  0
0.404410094743625  -0.173356497626861  0
0.711408838372056  -0.299802376051494  0
0.713234999098713  -0.295431609785849  0
0.717812937657191  -0.292180742917724  0
0.714949681964376  -0.285914239342915  0
0.715759793069738  -0.281156395311871  0
0.710940512712071  -0.274240017839661  0
0.7107394675536  -0.269164279319573  0
0.712377649053557  -0.26479819698957  0
0.711170632266858  -0.25939416300518  0
0.711807313278364  -0.254688729164518  0
0.708638687079632  -0.248660835625667  0
0.710151101360772  -0.244308029413859  0
0.706898850899235  -0.238348514988748  0
0.708348022722405  -0.234006578337573  0
0.70977052564288  -0.229655831470985  0
0.707353081942812  -0.224088414394867  0
0.708714746882882  -0.219743959076769  0
0.709092788777567  -0.215100945845557  0
0.702729647098674  -0.208470724775862  0
0.70399557073161  -0.204154932319244  0
0.705234989329207  -0.199831453544813  0
0.703556528030671  -0.194700312956676  0
0.705703336881011  -0.190640500196066  0
0.705892823862742  -0.186051931511296  0
0.70605260672605  -0.18146822458863  0
0.699392533553266  -0.175188709710253  0
0.698511297619115  -0.17041997270995  0
0.698570885683592  -0.165899721745522  0
0.697626998074472  -0.161160080533612  0
0.696651320847509  -0.156438285472005  0
0.696621065714979  -0.151947658100173  0
0.695583650581655  -0.147256188472667  0
0.693535394105292  -0.142382081468201  0
0.69537676380589  -0.138319038309435  0
0.696212383198675  -0.134049682882213  0
0.696038685101301  -0.12959224067224  0
0.693868115132785  -0.124787975390565  0
0.689694349672259  -0.119673322132211  0
0.689429359973975  -0.115274271222489  0
0.68222527994708  -0.109770977043698  0
0.680909464166486  -0.105277260643068  0
0.67659673281591  -0.100363644527467  0
0.658388709824428  -0.0935377291563447  0
0.392397443629401  -0.053293960568822  0
0.382799964916272  -0.0496002707664042  0
0.375157264078312  -0.0462712352253037  0
0.383379812404631  -0.0448989915319952  0
0.384641997390912  -0.0426559942227327  0
0.394842134581499  -0.0413362886472057  0
0.398073890668879  -0.0392068561318242  0
0.397311198372596  -0.036671673642356  0
0.392547169200015  -0.0338041410637093  0
0.390753557322137  -0.0312355156848006  0
0.388943278104689  -0.0286901798038703  0
0.386118826791302  -0.026100796871138  0
0.383277355353657  -0.0235471627400481  0
0.378422245037279  -0.0209189976085325  0
0.37854347790176  -0.0185966485700914  0
0.378650458818253  -0.0162735993783426  0
0.382740473297338  -0.0140971663865404  0
0.382819766902919  -0.0117484496166518  0
0.380885249923254  -0.00935020806722958  0
0.3829351128278  -0.00704977755392325  0
0.383971085506231  -0.00471227070171645  0
0.381992808957954  -0.00234390793597701  0
0.382  0  0
0.383992771308519  0.00235617970527532  0
0.386970859611749  0.00474908531657361  0
0.386934435154984  0.00712340447354647  0
0.388882840472823  0.00954653789541288  0
0.390816002242927  0.0119938480420649  0
0.396730986681575  0.0146124675077195  0
0.3966338579178  0.0170464880031715  0
0.398519387025864  0.0195780020566398  0
0.399390232229318  0.022078097739876  0
0.39824912704716  0.0244669737845812  0
0.397093780524388  0.0268426799863383  0
0.396921601758119  0.0292786963126676  0
0.397731299417175  0.0317932927506006  0
0.397528732260928  0.0342331276254315  0
0.397311198372596  0.036671673642356  0
0.40304981430224  0.039696941833472  0
0.403793215718108  0.0422733833520542  0
0.401538415880952  0.0445297717467288  0
0.395298355795448  0.0462948151029381  0
0.406916609185471  0.0501883768316786  0
0.401642450235985  0.0520417348714862  0
0.408251885796245  0.055447251904936  0
0.401963633366493  0.0571072451691368  0
0.40754072210549  0.060452955475609  0
0.406173860337338  0.0627996431412203  0
0.406768184281038  0.0654495550535509  0
0.407345244162019  0.0681091187623576  0
0.408890221591411  0.070949183835525  0
0.406478768155802  0.0731027430302174  0
0.408971882771386  0.0761445933893386  0
0.407515005680465  0.0784634956221696  0
0.407025891367341  0.0809624836366932  0
0.404562313228087  0.083056214189784  0
0.411871613072963  0.087193889376924  0
0.410351819916257  0.0895063343647584  0
0.416624809526452  0.0935562295469834  0
0.415068577066655  0.0958857462392717  0
0.410580659830746  0.0975065216944432  0
0.41483216145113  0.101209079759595  0
0.41420334511407  0.103752536818694  0
0.414527456349451  0.106541015259168  0
0.418700811962421  0.110356830608755  0
0.424773554346983  0.114749411882721  0
0.424061468949994  0.117353613288955  0
0.429106146303993  0.121589124530677  0
0.429312442178758  0.124498301155119  0
0.424705639378871  0.125992538984593  0
0  0  0
0  0  0
0  0  0
0  0  0
0  0  0
0  0  0
0  0  0
0  0  0
0  0  0
0  0  0
0  0  0
0  0  0
0  0  0
0  0  0
0  0  0
0  0  0
0  0  0
0  0  0
0  0  0
0  0  0
0  0  0
0  0  0
0  0  0
0  0  0
0  0  0
0  0  0
0  0  0
0  0  0
0  0  0
0  0  0
0  0  0
0  0  0
0  0  0
0  0  0
0  0  0
0  0  0
0  0  0
0  0  0
0  0  0
0  0  0
0  0  0
0  0  0
0  0  0
0  0  0
0  0  0
0  0  0
0  0  0
0  0  0
0  0  0
0  0  0
0  0  0
0  0  0
0  0  0
0  0  0
0  0  0
0  0  0
0  0  0
0  0  0
0  0  0
0  0  0
0  0  0
0  0  0
0  0  0
0  0  0
0  0  0
0  0  0
0  0  0
0  0  0
0  0  0
0  0  0
0.434499108823606  0.3842011510023  0
0.435858804483258  0.390194954547628  0
0.431233554956586  0.390847311720965  0
0.42587997681112  0.390781582666533  0
0.425672131841672  0.395429179719158  0
0.425423204021763  0.400088861979257  0
0.42440879060956  0.404070759215921  0
0  0  0
0  0  0
0  0  0
0  0  0
0  0  0
0  0  0
0  0  0
0  0  0
0  0  0
0  0  0
0  0  0
0  0  0
0  0  0
0  0  0
0  0  0
0  0  0
0  0  0
0  0  0
0  0  0
0  0  0
0  0  0
0  0  0
0  0  0
0  0  0
0  0  0
0  0  0
0  0  0
0  0  0
0  0  0
0  0  0
0  0  0
0  0  0
0  0  0
0  0  0
0  0  0
0  0  0
0  0  0
0  0  0
0  0  0
0  0  0
0  0  0
0  0  0
0  0  0
0  0  0
0  0  0
0  0  0
0  0  0
0  0  0
0  0  0
0  0  0
0  0  0
0  0  0
0  0  0
0  0  0
0  0  0
0  0  0
0  0  0
0  0  0
0  0  0
0  0  0
0  0  0
0  0  0
0  0  0
0  0  0
0  0  0
0  0  0
0.550673276218936  1.30670690778702  0
0.549533408876269  1.32669100868621  0
0.54628373740359  1.34207864085841  0
0.546207592303153  1.3658324443761  0
0.537816719770823  1.36915819974719  0
0.534084234217923  1.38456131347075  0
0.535849413961202  1.41493265053763  0
0.534822674182882  1.4388153832858  0
0.532152093985527  1.4589801742542  0
0.528580179972393  1.47728263827216  0
0.525134600935164  1.49653922464487  0
0.523749570381243  1.52242779386264  0
0.525580840692346  1.55877829722418  0
0.520084325581362  1.57431772342326  0
0.51749524490982  1.5993622702489  0
0.515826161437242  1.62824671692496  0
0.512341036661469  1.65239422116898  0
0.509159323904327  1.67847334887429  0
0.506814231310486  1.70840959226444  0
0.501892480271866  1.73069579598685  0
0.500260187250656  1.76549277683369  0
0.495819016145836  1.79165970631372  0
0.493161676977786  1.82556088925033  0
0.489851797759877  1.85852877734821  0
0.484413120781172  1.88474399545802  0
0.480857776028559  1.919691850072  0
0.477365542472656  1.95660883644631  0
0.47158959900085  1.98577044245155  0
0.46682403216021  2.02077987989728  0
0.467781147734917  2.08312404763226  0
0.461596952938254  2.1162429569967  0
0.453988136613343  2.14447167661742  0
0.446653393984286  2.17562444958736  0
0.442269760010563  2.22344023067412  0
0.436937682850202  2.26931850151218  0
0.430875896246402  2.31423031741308  0
0.426049158532042  2.36899369237534  0
0.41954047501778  2.41787133442246  0
0.404696797682387  2.42040007063825  0
0.390791032601299  2.42876148866833  0
0.375881075735771  2.43111361661764  0
0.358462549094449  2.41655821384396  0
0.343628078690151  2.41871220767079  0
0.334298479931702  2.46140214640261  0
0.320217292098133  2.4713407061434  0
0.305414634622045  2.47623643882378  0
0.290214984125203  2.47806381334081  0
0.274673740576357  2.47681616924587  0
0.2589505034398  2.47348208741609  0
0.243474576578629  2.47203886105374  0
0.227566576286901  2.46552011822193  0
0.212434145364833  2.46687002776456  0
0.197293716417261  2.46812706104493  0
0.182366553163576  2.47228304210647  0
0.167800471874396  2.48233498981075  0
0.15465089695417  2.51725388073418  0
0.216475748339484  3.91602122700846  0
0.000343473720291927  0.00699156819343621  0
0  0  0
0.157939793641371  4.28809235226861  0
0.131656255234124  4.28998025991469  0
0.105257329134771  4.28770823338802  0
0.078836024186562  4.28227438183151  0
0.0525589984777385  4.28267749797706  0
0.0263168092602237  4.28891926078708  0
2.6433128147256E-16  4.317  0
-0.0271574254571573  4.42591668180079  0
0  0  0
-0.000128847109340633  0.00699881407257076  0
0  0  0
-0.000214723622236455  0.00699670592250765  0
-0.162577503731982  4.41400697272674  0
-0.189658280881634  4.41292632348343  0
-0.216731917504205  4.41167953005825  0
-0.243521418070832  4.40527426148938  0
-0.269811239729718  4.39171969676066  0
-0.296753246080122  4.38998149323444  0
-0.323610515274937  4.38708071892956  0
-0.350921456826178  4.38999659807829  0
-0.377508174315535  4.38377549360422  0
-0.404215590674389  4.37938508882877  0
-0.431079383169408  4.37682242790432  0
-0.457822824135424  4.37310041751852  0
-0.484426601056616  4.36822113316036  0
-0.511453020119645  4.36715294078539  0
-0.538239738850953  4.36393251363053  0
-0.564749196938721  4.35856436737569  0
-0.591482213888819  4.35501708270509  0
-0.618333620107205  4.35229589231306  0
-0.64532062665468  4.35039829082511  0
-0.672613209507667  4.35030981315076  0
-0.699452405098991  4.34708814414905  0
-0.728751079445177  4.35849548172388  0
-0.755138662654251  4.35197134643195  0
-0.782181650001285  4.34922439825784  0
-0.809402384537633  4.34729246542084  0
-0.834170946228945  4.33242459051136  0
-0.860543410413142  4.32624387185865  0
-0.886067021114257  4.31598438761005  0
-0.911290055245761  4.30459643116636  0
-0.93065276707357  4.26668189898641  0
-0.941916231434383  4.19454345703563  0
-0.967410651024389  4.18771066721241  0
-0.991932458848921  4.17683121481847  0
-1.0182534113518  4.17358071567694  0
-1.04481477358403  4.17113438873654  0
-1.07138441512958  4.16851909375709  0
-1.09949045553388  4.17153649608749  0
-1.12558741292233  4.16664241036723  0
-1.15166568677661  4.16158505210471  0
-1.17908736232103  4.16117507346361  0
-1.20487617627974  4.15482242699174  0
-1.23091582105038  4.14926863934933  0
-1.25983549928437  4.15312105707779  0
-1.28766406208328  4.15295379979349  0
-1.31432989143728  4.14878788762145  0
-1.34284012986118  4.15015956146681  0
-1.37173025076435  4.15228673373335  0
-1.3984603888817  4.14758213188465  0
-1.42616032083936  4.14554251446821  0
-1.45388778859162  4.14331887478917  0
-1.47962023609863  4.13526153428383  0
-1.50976312047665  4.13925733919125  0
-1.53687479858026  4.13460238154637  0
-1.56469445530773  4.13164074691027  0
-1.59253553666732  4.12849313484372  0
-1.62112803226637  4.12702070542421  0
-1.64864834114616  4.12256699730108  0
-1.6761749458222  4.11793073654693  0
-1.7067681083483  4.12050271500034  0
-1.73512566865036  4.11732472778024  0
-1.76193240315301  4.11027714475794  0
-1.79071603950834  4.10763886750619  0
-1.81993874119641  4.10571601286456  0
-1.84920511293163  4.10358885005644  0
-1.87976303428073  4.10398427567062  0
-1.90786322428589  4.09871918011193  0
-1.9329765773983  4.08693559421109  0
-1.96104881176707  4.08130757942439  0
-1.95973735379014  4.01527751272059  0
-0.3108855011993  0.62717637482933  0
-0.305286092835478  0.606499300511755  0
-0.305816170548903  0.598381542020477  0
-0.30625824278723  0.590280347567898  0
-0.308010463702626  0.58485088206285  0
-0.311593243041984  0.582949955734263  0
-0.313733893381666  0.578390044990041  0
-0.316794738255984  0.575578051886382  0
-0.320320455217522  0.573623400820817  0
-0.322355417718279  0.569036892185097  0
-0.325840894200199  0.567048244567263  0
